0 0.050354 0.855346 0.088443 0.213836
0 0.317086 0.291288 0.032757 0.045423
0 0.321017 0.398439 0.035377 0.040764
0 0.379324 0.415327 0.023585 0.030282
0 0.385548 0.492197 0.015068 0.051246
0 0.724908 0.766480 0.033412 0.096669
0 0.747183 0.535290 0.021619 0.055905
0 0.727529 0.377475 0.028171 0.054740
0 0.732442 0.283718 0.028826 0.067552
0 0.612075 0.131405 0.010377 0.041090
0 0.768255 0.890566 0.063679 0.120755
0 0.787358 0.640252 0.030189 0.077987
0 0.857877 0.594969 0.029717 0.076310
0 0.918962 0.594549 0.026415 0.072117
0 0.869670 0.511027 0.034434 0.048637