0 0.049764 0.858491 0.091981 0.228512
0 0.317933 0.285265 0.029060 0.043426
0 0.322776 0.396825 0.032850 0.044924
0 0.378369 0.411426 0.020216 0.035190
0 0.384055 0.497155 0.013056 0.062893
0 0.726752 0.281521 0.021058 0.044924
0 0.725067 0.367625 0.020216 0.043426
0 0.745915 0.545298 0.013056 0.045672
0 0.720224 0.761006 0.020637 0.076370
0 0.865819 0.506439 0.028639 0.059898
0 0.854237 0.601153 0.030745 0.063642
0 0.912357 0.608640 0.023164 0.048667
0 0.787694 0.644205 0.038325 0.094340
0 0.767352 0.884247 0.059805 0.128781