0 0.051533 0.878407 0.100236 0.243186
0 0.320339 0.285609 0.036071 0.049328
0 0.325541 0.397830 0.032603 0.041929
0 0.376095 0.413896 0.016846 0.026954
0 0.383255 0.495882 0.017689 0.048667
0 0.732185 0.296721 0.028218 0.048667
0 0.725868 0.376086 0.015583 0.035190
0 0.748610 0.544549 0.013056 0.023211
0 0.719550 0.766023 0.018952 0.078616
0 0.766299 0.887092 0.066964 0.134771
0 0.790515 0.636643 0.042958 0.110063
0 0.858448 0.594340 0.026533 0.082360
0 0.914673 0.598083 0.026112 0.074873
0 0.862239 0.514600 0.030745 0.050165
0 0.611134 0.125714 0.010166 0.032531