0 0.049736 0.850660 0.085322 0.258972
0 0.316322 0.286923 0.029684 0.042652
0 0.323235 0.401865 0.029684 0.041206
0 0.377115 0.419215 0.019519 0.035423
0 0.385451 0.490783 0.015859 0.049881
0 0.730481 0.292706 0.026838 0.046989
0 0.724585 0.366081 0.015046 0.031808
0 0.748577 0.541025 0.010979 0.030362
0 0.722755 0.768380 0.019519 0.078797
0 0.866501 0.519410 0.031311 0.042652
0 0.857352 0.602183 0.030091 0.053495
0 0.913671 0.607605 0.028058 0.041206
0 0.788427 0.636883 0.039444 0.082412
0 0.768095 0.885997 0.060589 0.138799