0 0.048846 0.858215 0.081306 0.231711
0 0.315417 0.289419 0.031033 0.045239
0 0.323796 0.398654 0.027929 0.045239
0 0.377483 0.417411 0.016137 0.038619
0 0.383379 0.490787 0.014275 0.048549
0 0.725608 0.370517 0.021723 0.050756
0 0.729643 0.288315 0.028550 0.051859
0 0.748883 0.540991 0.012413 0.034205
0 0.722815 0.767185 0.017378 0.073927
0 0.769364 0.885248 0.062066 0.140130
0 0.789225 0.635882 0.040963 0.102615
0 0.858615 0.599470 0.028550 0.073927
0 0.917267 0.598367 0.030412 0.073927
0 0.870717 0.511199 0.029171 0.060686