0 0.046984 0.839788 0.089995 0.241642
0 0.316348 0.289970 0.031653 0.052963
0 0.322244 0.398102 0.028550 0.046342
0 0.375931 0.410791 0.015516 0.031998
0 0.382758 0.489132 0.017999 0.054066
0 0.724119 0.279488 0.021723 0.038619
0 0.727532 0.371069 0.019861 0.045239
0 0.747704 0.530509 0.015516 0.039722
0 0.723188 0.756703 0.017378 0.070617
0 0.861594 0.518923 0.029791 0.047446
0 0.857870 0.601677 0.024826 0.069513
0 0.913419 0.598919 0.029171 0.061790
0 0.786805 0.633124 0.042825 0.101512
0 0.766323 0.887234 0.056480 0.124683