0 0.050354 0.851153 0.088443 0.230608
0 0.323068 0.398242 0.027667 0.037897
0 0.318079 0.292211 0.032202 0.049992
0 0.379536 0.415175 0.020864 0.034672
0 0.387246 0.494598 0.013607 0.059668
0 0.613344 0.127721 0.011339 0.035478
0 0.728229 0.287776 0.029935 0.055636
0 0.724374 0.368005 0.020410 0.048379
0 0.724828 0.766489 0.018596 0.079020
0 0.866473 0.517739 0.031749 0.060474
0 0.854907 0.606031 0.031295 0.064506
0 0.914550 0.606031 0.029935 0.051605
0 0.786194 0.636268 0.041727 0.081438
0 0.768052 0.888647 0.065312 0.131430