0 0.047406 0.854298 0.080189 0.241090
0 0.314820 0.292284 0.030432 0.033813
0 0.323189 0.397782 0.027389 0.039224
0 0.377016 0.417394 0.017879 0.035166
0 0.384054 0.497532 0.014455 0.057483
0 0.613626 0.130520 0.008749 0.036519
0 0.729991 0.289105 0.031954 0.056130
0 0.724095 0.368905 0.023205 0.042605
0 0.723030 0.772773 0.023661 0.098059
0 0.769096 0.889768 0.059343 0.127815
0 0.785834 0.634476 0.032715 0.094678
0 0.857920 0.611483 0.031573 0.047339
0 0.915741 0.611483 0.029291 0.044634
0 0.867810 0.518428 0.032334 0.040576