0 0.046760 0.860177 0.085111 0.214201
0 0.315833 0.288214 0.027687 0.045575
0 0.320447 0.403518 0.023585 0.051955
0 0.377102 0.418558 0.014869 0.041929
0 0.384793 0.491933 0.014869 0.050132
0 0.724928 0.369793 0.018970 0.039194
0 0.726723 0.281378 0.014356 0.031902
0 0.748769 0.542521 0.013331 0.025522
0 0.721083 0.766475 0.018458 0.086592
0 0.768509 0.892626 0.062039 0.130344
0 0.786967 0.638775 0.034352 0.091149
0 0.860080 0.594203 0.026148 0.072008
0 0.915453 0.591924 0.025123 0.071097
0 0.866745 0.505332 0.033326 0.071097