0 0.046816 0.862683 0.079009 0.224319
0 0.316651 0.292075 0.029717 0.037736
0 0.324198 0.399832 0.029717 0.043606
0 0.377972 0.414927 0.018396 0.033543
0 0.384340 0.491656 0.014151 0.054507
0 0.727264 0.286205 0.022642 0.056184
0 0.724434 0.370482 0.023585 0.046960
0 0.722783 0.763354 0.019340 0.067925
0 0.748255 0.539036 0.013679 0.030189
0 0.867358 0.505073 0.033019 0.059539
0 0.856038 0.594801 0.030189 0.074633
0 0.916179 0.604025 0.025943 0.057862
0 0.788349 0.635472 0.038208 0.088889
0 0.769245 0.889057 0.068868 0.139203