0 0.048885 0.847913 0.091123 0.249666
0 0.316199 0.285211 0.030553 0.046693
0 0.323435 0.399085 0.031089 0.045740
0 0.378913 0.416714 0.016617 0.033352
0 0.383737 0.493901 0.011256 0.044787
0 0.611422 0.122252 0.007075 0.023360
0 0.725000 0.280084 0.022911 0.044325
0 0.724326 0.368434 0.018194 0.037736
0 0.747101 0.541317 0.012284 0.032320
0 0.721305 0.767383 0.016706 0.077743
0 0.867482 0.510133 0.030955 0.057652
0 0.858392 0.592680 0.025550 0.075996
0 0.916372 0.595737 0.023585 0.064640
0 0.788866 0.641160 0.037834 0.090846
0 0.766264 0.885657 0.061419 0.138889