0 0.048585 0.850105 0.077830 0.253669
0 0.315856 0.290760 0.029028 0.043541
0 0.322206 0.400016 0.029028 0.047573
0 0.375499 0.417755 0.018596 0.041122
0 0.382756 0.495807 0.017689 0.054024
0 0.726324 0.282051 0.019956 0.043541
0 0.722923 0.367925 0.020410 0.047573
0 0.746508 0.537010 0.015874 0.038703
0 0.719748 0.766651 0.018596 0.085470
0 0.769412 0.886792 0.060776 0.133849
0 0.785967 0.636430 0.038552 0.100790
0 0.858264 0.592082 0.024038 0.076601
0 0.916319 0.598129 0.030388 0.075794
0 0.869648 0.512417 0.027213 0.050798