0 0.050943 0.861635 0.080189 0.264151
0 0.315000 0.291908 0.028302 0.044444
0 0.323255 0.397568 0.033491 0.047799
0 0.375849 0.417694 0.016038 0.042767
0 0.386462 0.491908 0.013679 0.053669
0 0.725660 0.371992 0.017925 0.040252
0 0.726604 0.278910 0.020755 0.045283
0 0.748538 0.538449 0.008962 0.027673
0 0.720236 0.763774 0.020283 0.080503
0 0.770236 0.887212 0.061792 0.142558
0 0.788868 0.639832 0.036792 0.088889
0 0.858066 0.595807 0.025000 0.069602
0 0.913726 0.597065 0.025000 0.062055
0 0.865142 0.504822 0.036321 0.067086
0 0.612386 0.150816 0.010363 0.026682