0 0.053891 0.863732 0.088443 0.243187
0 0.316688 0.288441 0.029278 0.041929
0 0.324211 0.395431 0.034564 0.040483
0 0.375244 0.414733 0.020332 0.039760
0 0.383580 0.493530 0.009353 0.058556
0 0.726293 0.280200 0.019925 0.039037
0 0.725683 0.370925 0.017892 0.036868
0 0.722023 0.758838 0.018705 0.074460
0 0.751871 0.545218 0.021958 0.036145
0 0.867518 0.513049 0.027651 0.041206
0 0.856742 0.609918 0.032124 0.044097
0 0.913468 0.613533 0.025211 0.051327
0 0.787614 0.634136 0.033751 0.092532
0 0.766469 0.885997 0.063842 0.134461