0 0.048585 0.866876 0.089623 0.249476
0 0.317714 0.289860 0.030412 0.040825
0 0.322679 0.395785 0.031653 0.049652
0 0.377917 0.415646 0.016758 0.034205
0 0.384124 0.489573 0.014275 0.058480
0 0.724739 0.365994 0.029171 0.056273
0 0.724429 0.281584 0.021102 0.039722
0 0.867800 0.511420 0.027309 0.049652
0 0.851974 0.603001 0.034136 0.049652
0 0.912798 0.604105 0.026688 0.047446
0 0.788357 0.631689 0.037239 0.080547
0 0.719153 0.749200 0.017999 0.075030
0 0.765703 0.887123 0.067651 0.136820
0 0.612799 0.131834 0.009525 0.042735