0 0.049004 0.856899 0.087352 0.231384
0 0.321628 0.397081 0.027079 0.051246
0 0.315732 0.294200 0.024895 0.044258
0 0.377533 0.418045 0.014850 0.034164
0 0.384521 0.489091 0.013976 0.050470
0 0.725716 0.371846 0.021838 0.047364
0 0.725280 0.277506 0.022711 0.045035
0 0.746899 0.539716 0.016160 0.048917
0 0.721785 0.766830 0.017470 0.079199
0 0.768082 0.881746 0.063767 0.133551
0 0.788828 0.647255 0.041492 0.096281
0 0.857835 0.601832 0.030136 0.065999
0 0.911076 0.601056 0.032320 0.058234
0 0.867182 0.513860 0.034504 0.051246