0 0.870788 0.515424 0.032008 0.054907
0 0.855346 0.594290 0.028077 0.070880
0 0.915993 0.595288 0.023585 0.068883
0 0.785714 0.639712 0.041554 0.091844
0 0.768026 0.881002 0.056716 0.138764
0 0.720575 0.765698 0.021339 0.063891
0 0.748091 0.542877 0.015723 0.031946
0 0.725067 0.375162 0.016846 0.037936
0 0.724787 0.283318 0.024146 0.041929
0 0.316150 0.291305 0.029200 0.043925
0 0.320081 0.399121 0.028077 0.045922
0 0.376235 0.414595 0.014600 0.032944
0 0.382693 0.497454 0.017408 0.046920
0 0.050932 0.852551 0.074686 0.239593