0 0.051533 0.859539 0.083726 0.251572
0 0.316345 0.287485 0.030763 0.043752
0 0.321473 0.398687 0.030763 0.047398
0 0.377102 0.415094 0.014869 0.030991
0 0.385818 0.485735 0.011792 0.057424
0 0.729338 0.288397 0.027174 0.052867
0 0.724467 0.369064 0.020509 0.037371
0 0.748564 0.543980 0.016407 0.032814
0 0.720878 0.766111 0.021534 0.075654
0 0.767791 0.885061 0.062039 0.131255
0 0.787531 0.633944 0.038966 0.097530
0 0.856491 0.595661 0.030250 0.079300
0 0.914684 0.590648 0.024610 0.080211
0 0.870591 0.504330 0.027687 0.066539