0 0.051533 0.842767 0.088443 0.268344
0 0.314141 0.287941 0.029225 0.042840
0 0.321062 0.395497 0.026661 0.048309
0 0.377205 0.419652 0.014869 0.036460
0 0.383870 0.485735 0.014869 0.044663
0 0.725851 0.282290 0.021021 0.048309
0 0.724057 0.366603 0.022559 0.052867
0 0.745078 0.538966 0.022559 0.030079
0 0.720827 0.760459 0.018970 0.079300
0 0.786198 0.635585 0.028712 0.084769
0 0.856696 0.596846 0.022047 0.065628
0 0.918171 0.592289 0.022559 0.065628
0 0.864848 0.518914 0.022559 0.053778
0 0.766151 0.890985 0.062039 0.135813