0 0.058608 0.841719 0.112028 0.249476
0 0.766509 0.884505 0.075043 0.135315
0 0.789558 0.639604 0.031089 0.080046
0 0.858705 0.591481 0.031089 0.077187
0 0.915791 0.598628 0.029481 0.064799
0 0.869961 0.518582 0.032161 0.045740
0 0.724164 0.758719 0.025729 0.066705
0 0.750322 0.544406 0.021441 0.040976
0 0.729470 0.375739 0.027337 0.050505
0 0.727058 0.284734 0.028945 0.053364
0 0.321773 0.293978 0.034841 0.039070
0 0.320701 0.398799 0.033769 0.042882
0 0.378323 0.413570 0.021441 0.053364
0 0.612842 0.130847 0.013419 0.047712