0 0.049764 0.850105 0.099057 0.245283
0 0.770165 0.882075 0.056604 0.141509
0 0.786085 0.643082 0.038915 0.093291
0 0.858137 0.593082 0.035377 0.073375
0 0.915330 0.594130 0.029481 0.075472
0 0.869634 0.511845 0.039505 0.066038
0 0.724469 0.758491 0.026533 0.094340
0 0.748939 0.538994 0.023585 0.056604
0 0.726828 0.369182 0.027712 0.052411
0 0.728007 0.283229 0.031250 0.054507
0 0.611675 0.130189 0.011792 0.041929
0 0.318042 0.291614 0.030660 0.039832
0 0.320401 0.396960 0.028302 0.038784
0 0.377005 0.413208 0.020047 0.039832
0 0.385259 0.491824 0.020047 0.046122