0 0.048686 0.835679 0.079178 0.242588
0 0.775000 0.899371 0.077830 0.146751
0 0.792099 0.656184 0.038915 0.096436
0 0.860495 0.593291 0.034198 0.079665
0 0.915330 0.597484 0.028302 0.071279
0 0.871698 0.508386 0.040094 0.048218
0 0.723703 0.748428 0.022406 0.079665
0 0.724695 0.370807 0.027024 0.046296
0 0.748280 0.538522 0.017197 0.048043
0 0.729609 0.291754 0.028990 0.052411
0 0.612421 0.123864 0.011792 0.038435
0 0.316382 0.282844 0.029972 0.047170
0 0.322032 0.401205 0.031447 0.041055
0 0.379520 0.419113 0.020637 0.038435