0 0.047995 0.851153 0.095519 0.234801
0 0.315655 0.290045 0.025497 0.036829
0 0.321233 0.397133 0.027728 0.041362
0 0.376849 0.416114 0.015298 0.033996
0 0.385135 0.493739 0.012111 0.046462
0 0.724981 0.374186 0.018167 0.047595
0 0.725937 0.282906 0.016254 0.036829
0 0.748247 0.540994 0.016254 0.037396
0 0.721794 0.765539 0.016892 0.073092
0 0.789043 0.640603 0.036015 0.099722
0 0.856929 0.606323 0.027728 0.062893
0 0.916305 0.605473 0.028684 0.055527
0 0.868148 0.506431 0.030278 0.066859
0 0.767274 0.887699 0.065655 0.130886