0 0.046226 0.861635 0.080189 0.213836
0 0.319060 0.290618 0.031692 0.041929
0 0.323850 0.396095 0.035377 0.043239
0 0.378295 0.419657 0.018382 0.038229
0 0.384885 0.498952 0.013527 0.054261
0 0.612375 0.124923 0.006243 0.027130
0 0.728392 0.286780 0.030868 0.057344
0 0.726311 0.368788 0.023238 0.051178
0 0.722739 0.768714 0.019423 0.084474
0 0.868306 0.517758 0.026706 0.037613
0 0.853392 0.604390 0.019076 0.060427
0 0.913950 0.609323 0.026706 0.046862
0 0.789089 0.635282 0.033643 0.085707
0 0.766544 0.886053 0.062084 0.133185