0 0.767404 0.884045 0.063435 0.142413
0 0.788549 0.640208 0.040664 0.104099
0 0.856986 0.604063 0.025618 0.067953
0 0.914525 0.603340 0.025211 0.056387
0 0.866745 0.515506 0.028058 0.055664
0 0.747804 0.539362 0.014639 0.032531
0 0.720560 0.763103 0.021145 0.075183
0 0.726252 0.374539 0.016265 0.038314
0 0.727269 0.285983 0.016672 0.046266
0 0.316322 0.289597 0.027245 0.041929
0 0.321812 0.402010 0.027651 0.044097
0 0.377115 0.418275 0.016265 0.033254
0 0.383214 0.495265 0.013826 0.054218
0 0.047373 0.854045 0.081734 0.232777