0 0.047995 0.849057 0.079009 0.238994
0 0.318138 0.287474 0.028376 0.043239
0 0.319981 0.395899 0.026165 0.043894
0 0.377101 0.410967 0.014372 0.036032
0 0.385576 0.489911 0.013635 0.051101
0 0.724867 0.280595 0.021374 0.042584
0 0.724683 0.373297 0.016583 0.040618
0 0.747347 0.539046 0.016215 0.031447
0 0.720077 0.760482 0.020637 0.066824
0 0.769273 0.889675 0.068912 0.156971
0 0.785340 0.631551 0.038694 0.090409
0 0.858122 0.592374 0.030955 0.079927
0 0.913583 0.594340 0.026902 0.070755
0 0.869546 0.510482 0.028744 0.055031
0 0.612272 0.125425 0.006913 0.035423