0 0.047406 0.851153 0.082547 0.234801
0 0.317708 0.287299 0.031447 0.049790
0 0.320411 0.398672 0.025059 0.041929
0 0.379864 0.415706 0.016215 0.032320
0 0.386498 0.497816 0.019654 0.053284
0 0.730346 0.287736 0.023585 0.043676
0 0.722239 0.366789 0.022111 0.041055
0 0.722239 0.757774 0.021128 0.075996
0 0.748280 0.536775 0.008353 0.032320
0 0.868662 0.517121 0.031938 0.045423
0 0.856378 0.599668 0.030955 0.063767
0 0.914603 0.599231 0.024568 0.052411
0 0.790782 0.633735 0.045204 0.096960
0 0.767443 0.881115 0.065350 0.147624