0 0.049175 0.851153 0.081368 0.238994
0 0.317872 0.290551 0.029700 0.043482
0 0.321803 0.396537 0.030573 0.039599
0 0.377053 0.416725 0.015287 0.025623
0 0.384041 0.488547 0.015287 0.038823
0 0.725454 0.369361 0.020091 0.039599
0 0.725891 0.286280 0.021838 0.042705
0 0.746419 0.538318 0.013976 0.036494
0 0.724362 0.766209 0.023148 0.074540
0 0.856176 0.607035 0.028389 0.062117
0 0.913828 0.607035 0.024022 0.048140
0 0.864911 0.513083 0.033630 0.045035
0 0.789352 0.646246 0.049354 0.098610
0 0.765985 0.880503 0.068134 0.155292
0 0.613339 0.132774 0.010919 0.041929