0 0.058019 0.846960 0.084906 0.192872
0 0.770283 0.892034 0.066038 0.119497
0 0.789151 0.647799 0.030660 0.088050
0 0.858137 0.598532 0.029481 0.081761
0 0.917689 0.597484 0.023585 0.067086
0 0.868160 0.507338 0.037736 0.050314
0 0.722951 0.757338 0.021374 0.086478
0 0.748747 0.536884 0.014004 0.038653
0 0.728110 0.370938 0.020637 0.048480
0 0.730506 0.285770 0.026165 0.051101
0 0.326246 0.398454 0.032061 0.043239
0 0.317401 0.285115 0.026902 0.049790
0 0.379791 0.408674 0.014741 0.031447
0 0.388082 0.481067 0.012898 0.051756
0 0.613477 0.129081 0.008760 0.036538