0 0.046159 0.851852 0.084232 0.236598
0 0.316712 0.290007 0.028077 0.034941
0 0.322327 0.398323 0.032570 0.045922
0 0.376235 0.420286 0.019093 0.037936
0 0.385501 0.492163 0.016285 0.053908
0 0.613488 0.124289 0.009546 0.034941
0 0.729728 0.288010 0.028639 0.050913
0 0.726359 0.371868 0.025270 0.044924
0 0.726078 0.774883 0.025831 0.097834
0 0.868486 0.514825 0.022462 0.050913
0 0.857817 0.602176 0.030323 0.059898
0 0.916217 0.607168 0.024708 0.047919
0 0.784816 0.641110 0.042677 0.089847
0 0.761512 0.881202 0.063455 0.126784