0 0.046440 0.856544 0.080301 0.263552
0 0.316262 0.289009 0.029200 0.048917
0 0.321597 0.400319 0.027516 0.045922
0 0.378875 0.416791 0.017408 0.034941
0 0.385613 0.489168 0.016285 0.055905
0 0.726864 0.279724 0.019093 0.043925
0 0.722934 0.368573 0.022462 0.045922
0 0.747754 0.542178 0.012354 0.032944
0 0.721080 0.763901 0.017408 0.071878
0 0.868261 0.512828 0.029200 0.048917
0 0.857592 0.601677 0.030323 0.066886
0 0.914870 0.599181 0.024708 0.063891
0 0.788803 0.640112 0.038747 0.089847
0 0.768306 0.885295 0.058401 0.129779