0 0.051533 0.854298 0.079009 0.236897
0 0.317722 0.290431 0.026954 0.048667
0 0.321934 0.399371 0.026112 0.043426
0 0.379296 0.419587 0.020216 0.041929
0 0.385613 0.494834 0.011792 0.063642
0 0.725362 0.369422 0.020637 0.040431
0 0.731258 0.282944 0.025691 0.044175
0 0.750842 0.546571 0.018531 0.041929
0 0.721151 0.766697 0.018110 0.074873
0 0.770131 0.879904 0.063174 0.134771
0 0.788662 0.643681 0.035377 0.111560
0 0.854784 0.607367 0.028639 0.055406
0 0.914589 0.598008 0.024427 0.057652
0 0.868051 0.501048 0.024848 0.065888