0 0.047406 0.853249 0.084906 0.238994
0 0.317748 0.288784 0.027712 0.045073
0 0.323054 0.395702 0.030071 0.042977
0 0.377005 0.412474 0.017689 0.038784
0 0.383491 0.489518 0.022406 0.050314
0 0.729304 0.289832 0.028892 0.055556
0 0.727830 0.368973 0.022406 0.039832
0 0.746403 0.535639 0.014741 0.037736
0 0.721639 0.764151 0.017099 0.071279
0 0.868455 0.512579 0.028892 0.056604
0 0.857547 0.602725 0.031840 0.064990
0 0.916392 0.602725 0.030660 0.060797
0 0.786969 0.640461 0.037146 0.085954
0 0.768396 0.889727 0.067217 0.138365