0 0.766878 0.887251 0.064858 0.136923
0 0.721735 0.761792 0.021005 0.073375
0 0.789910 0.628407 0.043116 0.086478
0 0.855690 0.587461 0.028007 0.085823
0 0.866193 0.516247 0.032061 0.047170
0 0.915573 0.602725 0.027639 0.057652
0 0.745946 0.540225 0.014741 0.027516
0 0.725973 0.374410 0.022848 0.043894
0 0.727447 0.286032 0.019900 0.037998
0 0.316554 0.292256 0.032429 0.039963
0 0.322818 0.396751 0.028007 0.035377
0 0.377727 0.415422 0.016952 0.028171
0 0.383992 0.483884 0.014004 0.043239
0 0.612832 0.134839 0.010184 0.040976