0 0.049764 0.855346 0.080189 0.247379
0 0.317217 0.291023 0.031089 0.045740
0 0.320433 0.396798 0.027873 0.045740
0 0.377519 0.412998 0.015545 0.032399
0 0.386900 0.489708 0.013937 0.052411
0 0.727916 0.282447 0.021441 0.032399
0 0.725236 0.371546 0.021441 0.040976
0 0.747749 0.541643 0.015009 0.032399
0 0.722020 0.761673 0.019297 0.075281
0 0.765608 0.886669 0.070061 0.124553
0 0.790060 0.631397 0.034337 0.091257
0 0.856826 0.598163 0.027747 0.072142
0 0.917522 0.595080 0.026360 0.073375
0 0.867925 0.507523 0.028441 0.061043