0 0.045637 0.849057 0.088443 0.255765
0 0.316768 0.287811 0.029762 0.050913
0 0.320699 0.397624 0.028639 0.046920
0 0.377695 0.420086 0.017969 0.037936
0 0.381345 0.491465 0.012916 0.058900
0 0.727482 0.373166 0.018531 0.045922
0 0.726640 0.284317 0.016846 0.037936
0 0.746294 0.541380 0.013477 0.040930
0 0.724674 0.771888 0.025270 0.087851
0 0.768194 0.890686 0.066262 0.123790
0 0.789814 0.645103 0.039870 0.089847
0 0.858378 0.588699 0.031447 0.080863
0 0.915094 0.592193 0.025831 0.079864
0 0.869048 0.507338 0.026954 0.049915
0 0.612461 0.141789 0.010613 0.030049