0 0.767734 0.886309 0.062137 0.141913
0 0.718750 0.759716 0.022224 0.077407
0 0.789505 0.632317 0.033110 0.082245
0 0.855724 0.602483 0.028574 0.067731
0 0.912418 0.605306 0.024038 0.055636
0 0.868106 0.509998 0.028120 0.065312
0 0.748594 0.539026 0.012246 0.036284
0 0.725689 0.369779 0.016328 0.043541
0 0.726597 0.285841 0.022678 0.047573
0 0.320891 0.398726 0.026760 0.044348
0 0.314314 0.289469 0.025399 0.038703
0 0.379853 0.414046 0.019503 0.026609
0 0.383255 0.493872 0.013607 0.060474
0 0.046580 0.852443 0.082094 0.235446