0 0.052123 0.855346 0.094340 0.222222
0 0.320392 0.397113 0.026306 0.042735
0 0.316537 0.292292 0.030388 0.044348
0 0.377540 0.418481 0.015421 0.037091
0 0.384570 0.493066 0.014967 0.054024
0 0.724465 0.366070 0.022224 0.045154
0 0.726052 0.283019 0.020864 0.048379
0 0.747596 0.547734 0.012246 0.033059
0 0.720383 0.763990 0.018596 0.070150
0 0.767779 0.884615 0.071662 0.134656
0 0.787056 0.636672 0.034924 0.087083
0 0.856177 0.607644 0.032202 0.061280
0 0.914006 0.609257 0.031749 0.054830
0 0.868423 0.513707 0.028574 0.055636