0 0.046159 0.855346 0.079739 0.235599
0 0.314297 0.284317 0.027516 0.043925
0 0.322159 0.401118 0.028639 0.049915
0 0.377471 0.416592 0.020216 0.026954
0 0.387017 0.490965 0.015723 0.053908
0 0.724169 0.371968 0.019093 0.045922
0 0.727538 0.289109 0.021339 0.049915
0 0.744946 0.534691 0.017969 0.047919
0 0.723046 0.766197 0.016846 0.072876
0 0.856188 0.600978 0.034254 0.055905
0 0.915993 0.602476 0.026954 0.052910
0 0.867700 0.519617 0.030323 0.048917
0 0.787399 0.634921 0.038185 0.079864
0 0.766341 0.887990 0.062332 0.128781